day	S	E	I	R
0 	 112352.0 	 0.0 	 113.0 	 63.0
1 	 112337.5845702339 	 12.049512080553896 	 106.42013871509243 	 70.84009323978962
2 	 112323.81142628609 	 21.332047949259955 	 102.34235446245452 	 78.3028107051802
3 	 112310.41656489401 	 28.58848863053405 	 100.1343551164613 	 85.54356675986082
4 	 112297.20229812025 	 34.365298086979195 	 99.33095135997789 	 92.67877469566336
5 	 112284.01970392099 	 39.06567431913172 	 99.59013864502842 	 99.79616310372946
6 	 112270.75569293617 	 42.98724327800084 	 100.66073121556165 	 106.96238114904826
7 	 112257.32347519096 	 46.34983844021182 	 102.35850831806596 	 114.2286060832408
8 	 112243.65553203716 	 49.31597320128683 	 104.54863497723153 	 121.63467813421082
9 	 112229.69843348871 	 52.005929581228806 	 107.13270614156521 	 129.21215031935532
10 	 112215.40901540992 	 54.5088789856284 	 110.03919868805714 	 136.98653849165868
11 	 112200.75155863725 	 56.89107884436507 	 113.21643498731623 	 144.97898201415438
12 	 112185.69570631394 	 59.20191434334161 	 116.62739746653179 	 153.2074701303228
13 	 112170.21492538387 	 61.47835132828695 	 120.24590801456289 	 161.68774816163108
14 	 112154.28536865399 	 63.74821928169417 	 124.05381245106184 	 170.43398799886134
15 	 112137.88503227301 	 66.03263116211383 	 128.03890655624033 	 179.4592847544392
16 	 112120.9931306726 	 68.3477675482047 	 132.19340830167218 	 188.7760254463596
17 	 112103.58963174207 	 70.70619206951827 	 136.51283284855725 	 198.39616339446195
18 	 112085.65490996206 	 73.11782147300244 	 140.99516435614112 	 208.33142321177317
19 	 112067.16948633044 	 75.59064126557179 	 145.6402464792237 	 218.59345473863297
20 	 112048.11383236748 	 78.13123320360367 	 150.4493346236955 	 229.19394929237882
21 	 112028.46822085763 	 80.74516523246747 	 155.42476648673477 	 240.1447284459057
22 	 112008.21261126394 	 83.43727907245925 	 160.56972064335088 	 251.45781244077855
23 	 111987.32656046528 	 86.21190272960749 	 165.88803974151506 	 263.14547374396994
24 	 111965.78915207314 	 89.07300760401523 	 171.38410140211442 	 275.220279722956
25 	 111943.57893921858 	 92.02432509822768 	 177.0627240172375 	 287.6951274518932
26 	 111920.67389737666 	 95.06943273979604 	 182.92909883986485 	 300.58327267511044
27 	 111897.05138427291 	 98.21181843684379 	 188.98874095577133 	 313.8983546730418
28 	 111872.68810501354 	 101.45492828777462 	 195.24745447570334 	 327.65441813023546
29 	 111847.5600809006 	 104.80220243079036 	 201.71130808886292 	 341.86593291714826
30 	 111821.64262099018 	 108.25710167716298 	 208.3866186156018 	 356.54781234592656
31 	 111794.91029519164 	 111.82312849320631 	 215.27993948540998 	 371.71543061131047
32 	 111767.33690894068 	 115.5038421311761 	 222.39805431375265 	 387.38463940979574
33 	 111738.89547859438 	 119.30287047869466 	 229.74797335662038 	 403.5717842405555
34 	 111709.55820714564 	 123.22391981251909 	 237.33693181539545 	 420.2937206324422
35 	 111679.2964601047 	 127.27078209591185 	 245.17239037666147 	 437.567830425297
36 	 111648.08074198762 	 131.44734108330275 	 253.2620366389425 	 455.41203774997075
37 	 111615.88067304878 	 135.75757683995676 	 261.613787872742 	 473.8448250161927
38 	 111582.66496463721 	 140.20557028254433 	 270.23579409584636 	 492.8852499404053
39 	 111548.40139511084 	 144.79550671762186 	 279.1364418226465 	 512.5529623436213
40 	 111513.05678569307 	 149.53167876930493 	 288.3243582922049 	 532.8682211391251
41 	 111476.59697508912 	 154.41848913795295 	 297.8084160807036 	 553.8519123450806
42 	 111438.98679814891 	 159.46045279112252 	 307.5977369795814 	 575.5255643524323
43 	 111400.19005581329 	 164.66219968293376 	 317.7016976541205 	 597.9113696008615
44 	 111360.16949296583 	 170.0284764108668 	 328.1299339262284 	 621.0322007872948
45 	 111318.88677406016 	 175.5641480136695 	 338.89234542635273 	 644.9116287887706
46 	 111276.30245447015 	 181.27419990509122 	 349.9991010188425 	 669.5739439532355
47 	 111232.37595521513 	 187.1637393461156 	 361.4606435090094 	 695.044175194943
48 	 111187.06553511269 	 193.23799691170458 	 373.28769468736795 	 721.348111330744
49 	 111140.32827633753 	 199.5023273386195 	 385.49125800541515 	 748.5123119975631
50 	 111092.1200557154 	 205.9622104046128 	 398.08262371934256 	 776.564130335598
51 	 111042.39549500405 	 212.62325276363248 	 411.07337782566964 	 805.531751936511
52 	 110991.10794343348 	 219.49118928266003 	 424.4754050172336 	 835.4442080103936
53 	 110938.20948377013 	 226.5718807538252 	 438.30088565627204 	 866.3313746363336
54 	 110883.65087293346 	 233.8713174316846 	 452.5623073121073 	 898.2240170708756
55 	 110827.38152720462 	 241.39561734231697 	 467.2724649847909 	 931.153806006638
56 	 110769.34949482327 	 249.15102753708098 	 482.444466034101 	 965.1533387927112
57 	 110709.50143143645 	 257.1439218789921 	 498.09173322552795 	 1000.256163153455
58 	 110647.78257481765 	 265.3808008077393 	 514.2280082544131 	 1036.496799180231
59 	 110584.13672043334 	 273.86829128144706 	 530.8673536130925 	 1073.910761955997
60 	 110518.50619828049 	 282.61314510384403 	 548.0241534043314 	 1112.5345855771973
61 	 110450.8318473462 	 291.62223850700656 	 565.7131175292226 	 1152.4058449234606
62 	 110381.05299621572 	 300.90256858109905 	 583.9492797980784 	 1193.563180508932
63 	 110309.10743872188 	 310.4612521197721 	 602.7480010749052 	 1236.0463208430156
64 	 110234.93141525288 	 320.30552071290015 	 622.1249696161864 	 1279.8961056910864
65 	 110158.45959083308 	 330.4427194018482 	 642.0962007659156 	 1325.1545096432708
66 	 110079.62503865393 	 340.88030258459503 	 662.6780337880691 	 1371.8646658460864
67 	 109998.35922061048 	 351.62583031162114 	 683.8871321400543 	 1420.0708888965075
68 	 109914.5919734802 	 362.68696295603195 	 705.740479438675 	 1469.8186980269888
69 	 109828.25149312387 	 374.0714560097833 	 728.2553776807077 	 1521.154839887954
70 	 109739.26432346333 	 385.78715296491157 	 751.4494429006862 	 1574.127311030867
71 	 109647.55534490301 	 397.84198003608515 	 775.3405996066289 	 1628.7853803285193
72 	 109553.04776572496 	 410.2439389508051 	 799.9470745510454 	 1685.1796110187556
73 	 109455.66311651062 	 423.00109859036627 	 825.287389529975 	 1743.361881842654
74 	 109355.32124533913 	 436.12158664763115 	 851.3803533407314 	 1803.3854082308305
75 	 109251.94031886994 	 449.6135786793728 	 878.245052139785 	 1865.3047618104542
76 	 109145.43682012951 	 463.4852889209897 	 905.9008403719503 	 1929.1758908747806
77 	 109035.72555850595 	 477.7449581354796 	 934.3673254551184 	 1995.0561378546683
78 	 108922.71967134225 	 492.4008430138409 	 963.6643574136989 	 2063.0042586916416
79 	 108806.3306426197 	 507.4612009964734 	 993.8120105517088 	 2133.0804376598658
80 	 108686.46831099787 	 522.9342779908422 	 1024.8305701209808 	 2205.3463049403676
81 	 108563.04089617019 	 538.8282906582393 	 1056.7405113895907 	 2279.8649489102563
82 	 108435.95501623981 	 555.1514122908627 	 1089.5624815969309 	 2356.7009309346786
83 	 108305.11572028042 	 571.9117542930685 	 1123.3172757358802 	 2435.920295542602
84 	 108170.4265210324 	 589.1173474522963 	 1158.0258129419005 	 2517.5905800706455
85 	 108031.78942832821 	 606.7761232674561 	 1193.7091120371301 	 2601.780824365169
86 	 107889.1049884175 	 624.8958936831459 	 1230.388265112352 	 2688.5615781410593
87 	 107742.27235129314 	 643.4843236980213 	 1268.0844001347773 	 2778.0048984394684
88 	 107591.18931580284 	 662.5489100496484 	 1306.8186512407533 	 2870.1843555386677
89 	 107435.75238294706 	 682.0969591200776 	 1346.61212707806 	 2965.1750334082585
90 	 107275.85683067795 	 702.1355581327172 	 1387.4858695156993 	 3063.053525003567
91 	 107111.39678919547 	 722.6715473097153 	 1429.4608127946183 	 3163.8979256614457
92 	 106942.26531956521 	 743.7114917788595 	 1472.557741550752 	 3267.787824552467
93 	 106768.354502874 	 765.2616502000147 	 1516.7972442797784 	 3374.804293434147
94 	 106589.55554272255 	 787.3279404380121 	 1562.19966483752 	 3485.0298669850245
95 	 106405.75886426885 	 809.9159068438343 	 1608.7850516992855 	 3598.5485272206915
96 	 106216.85423045092 	 833.0306864094372 	 1656.5731007582947 	 3715.4456783178794
97 	 106022.73086323298 	 856.6769725373481 	 1705.5830970384213 	 3835.8081198858276
98 	 105823.27757198701 	 880.8589766314395 	 1755.8338546432906 	 3959.724017044973
99 	 105618.38289956652 	 905.5803892455272 	 1807.3436497070168 	 4087.282860253752
100 	 105407.93526311724 	 930.8443400820428 	 1860.1301545057531 	 4218.575430387779
101 	 105191.82312177327 	 956.6533504189626 	 1914.2103690047907 	 4353.6937470695275
102 	 104969.93514254659 	 983.0092934369322 	 1969.6005438683733 	 4492.731019442066
103 	 104742.16037588549 	 1009.913353093022 	 2026.3160999529425 	 4635.781592243457
104 	 104508.38844832312 	 1037.365973857945 	 2084.3715507674005 	 4782.940880960843
105 	 104268.50976020821 	 1065.366816371201 	 2143.7804160863743 	 4934.305304831269
106 	 104022.41569691867 	 1093.9147091318675 	 2204.5551341037444 	 5089.972211783717
107 	 103769.99884880823 	 1123.007599837835 	 2266.7069707628175 	 5250.039797823207
108 	 103511.15323720928 	 1152.642507915638 	 2330.245926961001 	 5414.607021293272
109 	 103245.77455649803 	 1182.8154745789263 	 2395.18064105882 	 5583.773508243426
110 	 102973.76042795439 	 1213.5215123911262 	 2461.5182876999406 	 5757.639450186561
111 	 102695.0106638687 	 1244.7545551186126 	 2529.2644737868063 	 5936.305494163407
112 	 102409.42757489547 	 1276.5074020771913 	 2598.4231196500455 	 6119.872609872919
113 	 102116.91610727727 	 1308.7716929995584 	 2668.996405789393 	 6308.442030839989
114 	 101817.38421419635 	 1341.5378466130512 	 2740.9846331270705 	 6502.1150842327015
115 	 101510.74333035944 	 1374.7949779862545 	 2814.3860415989725 	 6700.992980339727
116 	 101196.90850501589 	 1408.5308842412617 	 2889.1967647917318 	 6905.176739202915
117 	 100875.79862980737 	 1442.7320207565954 	 2965.4107532015246 	 7114.767063305758
118 	 100547.33691617075 	 1477.3834198994566 	 3043.0195930350937 	 7329.864122637351
119 	 100211.45116888311 	 1512.4686692414857 	 3122.0124187755223 	 7550.567390365781
120 	 99868.07411450373 	 1547.9698615481827 	 3202.3757932160584 	 7776.975484372901
121 	 99517.14376972095 	 1583.867566940099 	 3284.0935934016243 	 8009.185940804816
122 	 99158.60374810873 	 1620.1407901961813 	 3367.146898342569 	 8247.29506229815
123 	 98792.40363196513 	 1656.7669570754742 	 3451.513878158227 	 8491.397670676348
124 	 98418.49929662573 	 1693.7218703740803 	 3537.169680447372 	 8741.586940208877
125 	 98036.85327454856 	 1730.9797085210782 	 3624.0863314906087 	 8997.954133727873
126 	 97647.43509413264 	 1768.5129975725583 	 3712.2326319367985 	 9260.58839612928
127 	 97250.221620517 	 1806.2925942553823 	 3801.5740617108668 	 9529.576525622191
128 	 96845.19739590843 	 1844.2876938222355 	 3892.0726844243745 	 9805.00272113545
129 	 96432.35497468765 	 1882.4658264517313 	 3983.687057611969 	 10086.94834057496
130 	 96011.69524490186 	 1920.7928676457823 	 4076.3721581296977 	 10375.491643535468
131 	 95583.22774840756 	 1959.2330473151883 	 4170.07930955317 	 10670.707534673938
132 	 95146.97098949854 	 1997.7489690694745 	 4264.756119482743 	 10972.667298486607
133 	 94702.95271956129 	 2036.301649054716 	 4360.346425087499 	 11281.438330271727
134 	 94251.21022067053 	 2074.8505476893256 	 4456.7902474887815 	 11597.0838664147
135 	 93791.79057108244 	 2113.353613612693 	 4554.0237573490695 	 11919.662709357379
136 	 93324.75089023689 	 2151.7673359448313 	 4651.979252422497 	 12249.228952785652
137 	 92850.15854966252 	 2190.0468141778506 	 4750.5851605668795 	 12585.831697820819
138 	 92368.09138862418 	 2228.1458214575355 	 4849.76603119688 	 12929.51478263749
139 	 91878.63788123874 	 2266.01689194386 	 4949.4425617364595 	 13280.316501534739
140 	 91381.89729320329 	 2303.61140411881 	 5049.531629613577 	 13638.26933290546
141 	 90877.9798053285 	 2340.8796809513537 	 5149.946343972567 	 14003.399663825541
142 	 90367.00660132326 	 2377.7710972957707 	 5250.596113798137 	 14375.727526747027
143 	 89849.10994205 	 2414.2341939686567 	 5351.386726496931 	 14755.266332584124
144 	 89324.4331809682 	 2450.2168053488367 	 5452.22045504403 	 15142.022620523321
145 	 88793.13077583414 	 2485.6661901486195 	 5552.996169080665 	 15535.995804454713
146 	 88255.3682044146 	 2520.5291788051923 	 5653.609496323795 	 15937.177948457289
147 	 87711.32196077544 	 2554.752307024954 	 5753.952941364494 	 16345.553518167559
148 	 87161.17950259612 	 2588.281957975576 	 5853.916028503387 	 16761.09914843772
149 	 86605.13888789574 	 2621.0645663118444 	 5953.385600070373 	 17183.783504263825
150 	 86043.40868013924 	 2653.046780341013 	 6052.245987388701 	 17613.56704255034
151 	 85476.20774293599 	 2684.1756177640436 	 6150.379223658999 	 18050.40184878619
152 	 84903.76506342847 	 2714.3985996271786 	 6247.665235752404 	 18494.23148791146
153 	 84326.31927795873 	 2743.664006681342 	 6343.982212413183 	 18944.990854088748
154 	 83744.11842938456 	 2771.9210049069543 	 6439.206824243262 	 19402.606067877823
155 	 83157.41957349854 	 2799.119838748365 	 6533.21453240559 	 19866.99436787872
156 	 82566.4883330931 	 2825.2120351352155 	 6625.879918596022 	 20338.06402267339
157 	 81971.59845529222 	 2850.1505692800542 	 6717.076968776385 	 20815.714323963373
158 	 81373.03131199429 	 2873.8900668920787 	 6806.679439080647 	 21299.835518007007
159 	 80771.07538463095 	 2896.3869701834083 	 6894.561202662323 	 21790.30880800692
160 	 80166.02573425858 	 2917.5996739842203 	 6980.596603550971 	 22287.006394046868
161 	 79558.18338643928 	 2937.4887464979647 	 7064.660842815479 	 22789.791481292326
162 	 78947.85471490595 	 2956.0170390376384 	 7146.630346927107 	 23298.518418226035
163 	 78335.35090196825 	 2973.149856941046 	 7226.383123664023 	 23813.032709422223
164 	 77720.98715080002 	 2988.855109816489 	 7303.799205509264 	 24333.171209615648
165 	 77105.08210864407 	 3003.1034707842696 	 7378.760918041357 	 24858.762272864533
166 	 76487.95715132309 	 3015.868497438168 	 7451.153295395883 	 25389.62593161673
167 	 75869.9356895545 	 3027.1266942657608 	 7520.864523970593 	 25925.57408426936
168 	 75251.34246485599 	 3036.8576357647385 	 7587.786279743259 	 26466.41073882922
169 	 74632.50284828457 	 3045.044037726478 	 7651.81408761863 	 27011.93228354303
170 	 74013.74211243448 	 3051.671857744641 	 7712.847656065475 	 27561.927779754013
171 	 73395.38472003015 	 3056.730366115688 	 7770.791218317028 	 28116.17926120797
172 	 72777.75363113733 	 3060.2121350398666 	 7825.553879323648 	 28674.46209068839
173 	 72161.16959805296 	 3062.1130995208637 	 7877.0499323409185 	 29236.545287638975
174 	 71545.95048421774 	 3062.432548627609 	 7925.199133962647 	 29802.191942956193
175 	 70932.41058792932 	 3061.1731440398275 	 7969.9269819228275 	 30371.159598928552
176 	 70320.85998275568 	 3058.3409054025856 	 8011.164958227165 	 30943.200680337206
177 	 69711.60390374402 	 3053.9451474160146 	 8048.850766857151 	 31518.06293345323
178 	 69104.94211372572 	 3047.998449968201 	 8082.928560672555 	 32095.48986269726
179 	 68501.1683491661 	 3040.5165775075975 	 8113.349084800161 	 32675.221222028653
180 	 67900.56974082925 	 3031.5184190846194 	 8140.0698560270575 	 33256.993474845694
181 	 67303.42629604145 	 3021.025895133022 	 8163.055273350387 	 33840.540294391125
182 	 66710.01039166407 	 3009.063855880558 	 8182.276742822323 	 34425.593047523515
183 	 66120.58635733114 	 2995.6599379266495 	 8197.712711512791 	 35011.88132093938
184 	 65535.41000342814 	 2980.844468402204 	 8209.348751524001 	 35599.13340502004
185 	 64954.7282755146 	 2964.6503070768276 	 8217.177537876103 	 36187.07681941607
186 	 64378.778867579684 	 2947.112719614199 	 8221.198863205202 	 36775.43881183844
187 	 63807.78994325975 	 2928.269213533094 	 8221.419561837936 	 37363.946876805276
188 	 63241.97983475841 	 2908.159382147851 	 8217.853474066284 	 37952.329248506525
189 	 62681.55683446869 	 2886.8247257027147 	 8210.521329852523 	 38540.31540434253
190 	 62126.71897668287 	 2864.308493453034 	 8199.450639787205 	 39127.63655017502
191 	 61577.653895453324 	 2840.6555016231187 	 8184.675534417602 	 39714.02610517992
192 	 61034.53869247072 	 2815.9119648569026 	 8166.236601102559 	 40299.220165663675
193 	 60497.53985810274 	 2790.1253159444705 	 8144.180681257215 	 40882.957967053284
194 	 59966.81322376382 	 2763.3440267915453 	 8118.560664828658 	 41464.98231608139
195 	 59442.503944352386 	 2735.6174268150485 	 8089.43525622992 	 42045.04002401951
196 	 58924.74652560983 	 2706.995535091433 	 8056.868717551972 	 42622.882303958715
197 	 58413.66486246184 	 2677.5288834107596 	 8020.930605189407 	 43198.26517278855
198 	 57909.3723250108 	 2647.2683542167333 	 7981.695484979499 	 43770.94981212557
199 	 57411.971891142115 	 2616.265016842296 	 7939.242621104743 	 44340.702910568805
200 	 56921.55626387834 	 2584.5699623784717 	 7893.655694659397 	 44907.29699291031
201 	 56438.20801413546 	 2552.2341484043 	 7845.022491919209 	 45470.51074437922
202 	 55961.99981216039 	 2519.308266523881 	 7793.434556576435 	 46030.12925943214
203 	 55492.99459790081 	 2485.842595480589 	 7738.986880666116 	 46585.94432734289
204 	 55031.245823970195 	 2451.886874629469 	 7681.777564300338 	 47137.75465603075
205 	 54576.79770260256 	 2417.4901769441612 	 7621.907491673976 	 47685.366076093065
206 	 54129.68545278812 	 2382.7007873953007 	 7559.4799982244795 	 48228.591748131454
207 	 53689.93559371721 	 2347.566111488935 	 7494.600533906797 	 48767.252297494466
208 	 53257.56621009207 	 2312.1325640881805 	 7427.376337776269 	 49301.175985561305
209 	 52832.58726530198 	 2276.4454892563876 	 7357.91611364599 	 49830.19880106612
210 	 52415.00089765642 	 2240.5490734008977 	 7286.329716052833 	 50354.16456475514
211 	 52004.8017333563 	 2204.486269966828 	 7212.727836506483 	 50872.925005472534
212 	 51601.97720768643 	 2168.298746083699 	 7137.221705766731 	 51386.339790044054
213 	 51206.507878907476 	 2132.026816042291 	 7059.922793250202 	 51894.27657650154
214 	 50818.36775782654 	 2095.709403430391 	 6980.9425346121225 	 52396.610994794784
215 	 50437.52462372448 	 2059.3839871358564 	 6900.392044300641 	 52893.22667230679
216 	 50063.94035770394 	 2023.0865894873787 	 6818.381878941435 	 53384.015148980456
217 	 49697.571256613985 	 1986.8517325898806 	 6735.021767502513 	 53868.87587689367
218 	 49338.36835580072 	 1950.7124341542697 	 6650.420394136362 	 54347.71611883682
219 	 48986.277743049926 	 1914.70018598989 	 6564.685165886631 	 54820.450888171035
220 	 48641.240871386595 	 1878.844954707743 	 6477.922013997262 	 55287.002834016275
221 	 48303.19486183764 	 1843.1751804574599 	 6390.235196628346 	 55747.302137035804
222 	 47972.07280646507 	 1807.7177837692361 	 6301.727116624006 	 56201.286381793165
223 	 47647.80405540859 	 1772.4981781620077 	 6212.498165471132 	 56648.90041314274
224 	 47330.31450987141 	 1737.5402823648149 	 6122.646558753493 	 57090.0961955684
225 	 47019.52688633726 	 1702.866546811745 	 6032.268222662712 	 57524.832635960585
226 	 46715.36100779671 	 1668.4979657090548 	 5941.456631370959 	 57953.07544295023
227 	 46417.734039862786 	 1634.4541175496963 	 5850.30273807378 	 58374.796919235654
228 	 46126.56075805942 	 1600.753190137534 	 5758.894854897226 	 58789.975789362936
229 	 45841.753783525426 	 1567.4120131654233 	 5667.318575460066 	 59198.59700888152
230 	 45563.22381509417 	 1534.4460965198903 	 5575.656708299231 	 59600.65156053448
231 	 45290.87986256448 	 1501.8696630914433 	 5483.98920151739 	 59996.1362635297
232 	 45024.62944135987 	 1469.6956948454945 	 5392.39312493509 	 60385.05355065759
233 	 44764.37880616392 	 1437.935966035753 	 5300.942592179724 	 60767.411279353386
234 	 44510.033107854564 	 1406.6010948173578 	 5209.708783202286 	 61143.2225006329
235 	 44261.496624438514 	 1375.700576966552 	 5118.759873859031 	 61512.505264856816
236 	 44018.67288736384 	 1345.2428367311834 	 5028.1610878384545 	 61875.28239264061
237 	 43781.46490156294 	 1315.2352649912593 	 4937.974640368732 	 62231.58127294361
238 	 43549.77524994493 	 1285.6842674490736 	 4848.259805966828 	 62581.43364263732
239 	 43323.50629548045 	 1256.5953060714626 	 4759.072884183234 	 62924.87537723367
240 	 43102.56027132212 	 1227.9729452353952 	 4670.46727212811 	 63261.94628209281
241 	 42886.839459661234 	 1199.8208948056422 	 4582.493455951477 	 63592.68987900854
242 	 42676.246274147445 	 1172.1420520443382 	 4495.199084773964 	 63917.153207948344
243 	 42470.683412507155 	 1144.938545932172 	 4408.628986152725 	 64235.38661464786
244 	 42270.053941155726 	 1118.21177646672 	 4322.825234073976 	 64547.44355870784
245 	 42074.26139411407 	 1091.962456044984 	 4237.827204941143 	 64853.38041730684
246 	 41883.20988312684 	 1066.1906533109388 	 4153.6716176543005 	 65153.25629115604
247 	 41696.804178233266 	 1040.8958292679101 	 4070.3926046710476 	 65447.13281675517
248 	 41514.94978414754 	 1016.0768732049611 	 3988.0217820208286 	 65735.07398407144
249 	 41337.55301601676 	 991.7321404694062 	 3906.588312703209 	 66017.14595961076
250 	 41164.52107054615 	 967.859488871262 	 3826.118975495192 	 66293.41691008078
251 	 40995.76208251493 	 944.4563143020038 	 3746.638236611702 	 66563.95683859578
252 	 40831.18518482762 	 921.5195818471069 	 3668.168324312542 	 66828.83741890585
253 	 40670.700560349105 	 899.0458576896358 	 3590.7293039314472 	 67088.1318366292
254 	 40514.219484494126 	 877.0313397841433 	 3514.339153017129 	 67341.9146408477
255 	 40361.654370697994 	 855.4718880748687 	 3439.013836504143 	 67590.26159324717
256 	 40212.91880492908 	 834.363052545708 	 3364.7673831750385 	 67833.24952909267
257 	 40067.927578386436 	 813.7000988867849 	 3291.6119628397882 	 68070.95622168494
258 	 39926.59671881072 	 793.4780350561228 	 3219.557962430349 	 68303.46024839325
259 	 39788.843511557556 	 773.6916349083062 	 3148.6140612846943 	 68530.84087066932
260 	 39654.58652343444 	 754.335462053008 	 3078.787306184222 	 68753.17791131444
261 	 39523.74562091119 	 735.4038920350321 	 3010.0831858490164 	 68970.55163959382
262 	 39396.241983113825 	 716.8911320987445 	 2942.5057042816284 	 69183.04266513442
263 	 39271.998115274444 	 698.7912417146025 	 2876.0574528831435 	 69390.73183183248
264 	 39150.9378576995 	 681.0981512442736 	 2810.7396814568356 	 69593.70011921652
265 	 39032.98639120017 	 663.8056791126268 	 2746.552367057922 	 69792.02855099515
266 	 38918.070242535636 	 646.9075487848465 	 2683.4942826239644 	 69985.79810400635
267 	 38806.11728566636 	 630.3974040383595 	 2621.563063194507 	 70175.08962547254
268 	 38697.05674073234 	 614.2688233630888 	 2560.7552696951934 	 70359.98375583811
269 	 38590.81917611019 	 598.5153354460775 	 2501.066455194955 	 70540.56084497033
270 	 38487.33649754075 	 583.1304287909483 	 2442.491220756631 	 70716.90089756179
271 	 38386.541949431674 	 568.1075668995031 	 2385.0232804793145 	 70889.08349160387
272 	 38288.37010231994 	 553.4401967821161 	 2328.655513789338 	 71057.18773012274
273 	 38192.756849235375 	 539.1217618369533 	 2273.3800259961126 	 71221.29217138088
274 	 38099.63939169209 	 525.1457094943192 	 2219.1881970811583 	 71381.47478645228
275 	 38008.956232391756 	 511.5055018576432 	 2166.0707379175356 	 71537.81289965866
276 	 37920.647160578366 	 498.1946224158615 	 2114.017736851562 	 71690.38314992067
277 	 37834.65324108843 	 485.2065849304703 	 2063.018710117319 	 71839.26144240612
278 	 37750.916799265986 	 472.5349397514343 	 2013.0626462165042 	 71984.5229129192
279 	 37669.38140639663 	 460.17328020354506 	 1964.1380491621146 	 72126.2418928364
280 	 37589.99186579991 	 448.1152495916942 	 1916.2329843782188 	 72264.49187010914
281 	 37512.694198298115 	 436.35454747797786 	 1869.3351222232684 	 72399.34545399447
282 	 37437.435618993906 	 424.8849295935874 	 1823.4317610058583 	 72530.8743753498
283 	 37364.16452872626 	 413.7002188080105 	 1778.5098852733377 	 72659.14942591924
284 	 37292.830490775705 	 402.7943041851497 	 1734.5561830598006 	 72784.24046532415
285 	 37223.38421611939 	 392.16114737578647 	 1691.5570901242124 	 72906.21638517754
286 	 37155.77754546064 	 381.7947858996294 	 1649.4988211501275 	 73025.1450925727
287 	 37089.963428267154 	 371.68933365896174 	 1608.3673898401232 	 73141.09351043697
288 	 37025.895908117425 	 361.8389874304709 	 1568.1486546268095 	 73254.12753998245
289 	 36963.5301006787 	 352.2380246037339 	 1528.8283280817657 	 73364.31207558064
290 	 36902.8221771024 	 342.8808085030098 	 1490.3920168449804 	 73471.71097611576
291 	 36843.729344438216 	 333.76178868674754 	 1452.8252390494908 	 73576.38706684652
292 	 36786.20982628575 	 324.8755018151179 	 1416.1134449905908 	 73678.40213721777
293 	 36730.22284486459 	 316.2165748826371 	 1380.242048848189 	 73777.81692383534
294 	 36675.72860111551 	 307.779723540669 	 1345.1964339012854 	 73874.69112682804
295 	 36622.68825637012 	 299.5597554589857 	 1310.9619865310078 	 73969.08339081323
296 	 36571.06391354953 	 291.55156882198173 	 1277.524103926713 	 74061.05131749595
297 	 36520.81859825649 	 283.75015328093497 	 1244.868214282092 	 74150.65146342837
298 	 36471.91624015082 	 276.15059095903 	 1212.9797962562207 	 74237.93933816827
299 	 36424.3216549406 	 268.74805484592787 	 1181.8443835379378 	 74322.96941932903
300 	 36378.00052512795 	 261.53781060582327 	 1151.4475908920163 	 74405.79514397943
301 	 36332.91938286376 	 254.51521501799803 	 1121.7751164558401 	 74486.46892505178
302 	 36289.04559132673 	 247.67571619262395 	 1092.81275750623 	 74565.0421539803
303 	 36246.34732673877 	 241.01485327732908 	 1064.5464226402771 	 74641.56520679829
304 	 36204.79356158979 	 234.52825549556414 	 1036.9621399806765 	 74716.08745366952
305 	 36164.354046693945 	 228.21164109711657 	 1010.0460632328317 	 74788.65727182459
306 	 36124.99929415984 	 222.06081716667703 	 983.7844840883422 	 74859.32205037845
307 	 36086.70056048404 	 216.07167923580582 	 958.1638431382362 	 74928.1281967119
308 	 36049.429829928005 	 210.2402091104825 	 933.1707290937783 	 74995.12115604607
309 	 36013.15979790421 	 204.5624753274062 	 908.7918900313509 	 75060.34541635533
310 	 35977.86385474488 	 199.0346317746776 	 885.0142374365088 	 75123.8445219337
311 	 35943.51606976579 	 193.6529164335035 	 861.8248505122159 	 75185.66108628112
312 	 35910.09117589322 	 188.41365034255844 	 839.2109826129508 	 75245.83680207803
313 	 35877.564553891294 	 183.31323653003645 	 817.1600634991471 	 75304.4124557716
314 	 35845.91221738668 	 178.34815864019345 	 795.6597037603341 	 75361.42793950127
315 	 35815.11079813727 	 173.51497947506994 	 774.6976986391641 	 75416.92226346432
316 	 35785.13753118777 	 168.81033974897395 	 754.262029603177 	 75470.93357043412
317 	 35755.970240718656 	 164.2309578506263 	 734.3408658409288 	 75523.49914865279
318 	 35727.587325373155 	 159.77362832821484 	 714.9225670286912 	 75574.65544525255
319 	 35699.967745032736 	 155.43522052463322 	 695.9956832435556 	 75624.43808093184
320 	 35673.09100711132 	 151.2126771404041 	 677.5489579138949 	 75672.88186214771
321 	 35646.93715344848 	 147.10301159101112 	 659.5713290785288 	 75720.02079560621
322 	 35621.486746982795 	 143.10330868529857 	 642.0519277619791 	 75765.88810253529
323 	 35596.72085909032 	 139.21072285169973 	 624.9800787982861 	 75810.51623229629
324 	 35572.62105716542 	 135.42247631075932 	 608.3453012370162 	 75853.93687622463
325 	 35549.16939229657 	 131.73585822995722 	 592.137307497612 	 75896.18098164482
326 	 35526.348387154685 	 128.14822328821037 	 576.346002922415 	 75937.2787658646
327 	 35504.14102420661 	 124.65699034444104 	 560.9614850512562 	 75977.25973001822
328 	 35482.530735781795 	 121.25964129065684 	 545.9740427307606 	 76016.15267103752
329 	 35461.50139057656 	 117.953719592727 	 531.3741547648887 	 76053.98569795623
330 	 35441.03728361142 	 114.7368291036531 	 517.1524886508735 	 76090.7862444035
331 	 35421.12312562991 	 111.60663283170369 	 503.29989911020743 	 76126.58108190593
332 	 35401.74403069365 	 108.56085149315884 	 489.80742614456375 	 76161.39633568384
333 	 35382.88551127068 	 105.5972629357369 	 476.6662941716437 	 76195.25749100365
334 	 35364.533463316206 	 102.71370022696799 	 463.8679093503951 	 76228.18941268361
335 	 35346.674158373906 	 99.90805069888854 	 451.4038582056433 	 76260.21635532303
336 	 35329.29423049598 	 97.17825435845472 	 439.2659044946244 	 76291.36198110544
337 	 35312.380674893495 	 94.52230371939973 	 427.4459889892425 	 76321.64936153402
338 	 35295.92082725566 	 91.93824128884371 	 415.9362243923222 	 76351.10100570948
339 	 35279.9023689648 	 89.42416015500775 	 404.7288965659883 	 76379.73885329909
340 	 35264.31330206251 	 86.97820070227344 	 393.81645813765414 	 76407.58430924933
341 	 35249.141959225286 	 84.59855193941583 	 383.1915308342596 	 76434.65823014788
342 	 35234.376977201035 	 82.28344805519694 	 372.84689807720923 	 76460.98096163657
343 	 35220.00730248569 	 80.03116912499671 	 362.7755066568418 	 76486.57233035364
344 	 35206.022178281484 	 77.8400392214509 	 352.9704621523177 	 76511.45166344494
345 	 35192.41112885834 	 75.70842443946339 	 343.4250250391596 	 76535.63781007004
346 	 35179.16396434965 	 73.63473378100011 	 334.13261054785835 	 76559.14913586296
347 	 35166.27077236212 	 71.61741807932863 	 325.08678585307086 	 76582.00353520898
348 	 35153.7219040294 	 69.65496788117224 	 316.28126616852853 	 76604.21845121388
349 	 35141.50797149895 	 67.74591282564865 	 307.70991308552345 	 76625.81088049967
350 	 35129.619838817925 	 65.88882067048803 	 299.3667316643062 	 76646.79738620114
351 	 35118.04861719402 	 64.08229623454922 	 291.2458681791853 	 76667.19410601731
352 	 35106.78565535347 	 62.32498021342333 	 283.3416067411611 	 76687.01676641524
353 	 35095.82254255266 	 60.615550051804426 	 275.6483694667588 	 76706.28067857723
354 	 35085.151085332 	 58.952716869984954 	 268.1607070979615 	 76725.00077410047
355 	 35074.76331756417 	 57.33522631814813 	 260.8733034562408 	 76743.19158964053
356 	 35064.65148781058 	 55.76185666143506 	 253.78096997382877 	 76760.86728693852
357 	 35054.8080542044 	 54.23141796618892 	 246.87864382259738 	 76778.04166062296
358 	 35045.22567897062 	 52.74275182343042 	 240.1613847284568 	 76794.72814715179
359 	 35035.89722316943 	 51.2947304845325 	 233.62437265399345 	 76810.9398332508
360 	 35026.8157414584 	 49.88625592261806 	 227.26290554423102 	 76826.6894643441
361 	 35017.974476368996 	 48.51625903975283 	 221.07239654826483 	 76841.98945384905
362 	 35009.36685317083 	 47.18369898358556 	 215.0483714546906 	 76856.8518915596
363 	 35000.98647845706 	 45.88756290256342 	 209.18646801381075 	 76871.28854598379
364 	 34992.82712926053 	 44.62686434183521 	 203.48243060779862 	 76885.31088216131
